1.561032747226633
1.6430730915464162
0.15921460014889058
0.06629330797703507
0.000847386836075441
0.10194775005773044
0.08379320462548025
-0.014803239253008969
0.0008576350912663447
0.0008582988808306743
0.001956217962750389
-0.020931955186604723
0.0008611086780480704
0.0016294679932220039
0.18145777264777138
-1.6845047717767945
-1.7020898753672977
-1.704712330562021
-1.6849330133655809
-1.7912627688156213
-1.7094443080718347
-1.6882019884097752
-1.6727344200187622
-1.5744310552240717
-1.4612899316816255
-1.38948553515448
-1.2856217919189472
-1.222263314840957
-1.257696765787159
-1.255669710914841
-1.2429963103052044
-1.1970434479164578
-1.2766541259445472
-1.2327617649684892
-1.2132260164474606
-1.3295862987149911
-1.1976689110931993
-1.2185159203698228
-1.2051235872681156
-1.195944398085893
-1.1789546074250443
-1.1718575480239855
-1.2141262022366925
-1.3667579756703614
-1.5487951818290995
-1.4494801920561446
-1.4315621447582425
-1.3900698659429613
-1.2317229775830127
-1.1810122232648368
-1.1845669867717021
-1.1819848732772564
-1.1666168544903048
